event_data <-
structure(list(time = structure(c(1512942789.41064, 1512942789.41064, 
1512942789.71902, 1512942794.0862, 1512942795.48187, 1512942797.09644, 
1512942799.31338, 1512942801.08684, 1512942801.98715, 1512942801.98815, 
1512942802.27029, 1512942807.40286, 1512942807.93186, 1512942810.69338, 
1512942813.7615, 1512942816.44719, 1512942817.34671, 1512942817.34772, 
1512942817.6348, 1512942821.83129, 1512942822.13261, 1512942823.24724, 
1512942826.86822, 1512942828.11747, 1512942829.01299, 1512942829.01299, 
1512942829.30305, 1512942834.82685, 1512942836.03444, 1512942838.66905, 
1512942843.31764, 1512942844.02554, 1512942844.90006, 1512942844.90107, 
1512942845.209, 1512942846.66697, 1512942848.51505, 1512942849.83693, 
1512942851.66617, 1512942852.68007, 1512942853.57267, 1512942853.57267, 
1512942853.87167, 1512942856.76396, 1512942857.0301, 1512942858.36713, 
1512942861.94752, 1512942865.13494, 1512942866.02904, 1512942866.02904, 
1512942866.31583, 1512942868.7575, 1512942868.7575, 1512942871.43496, 
1512942874.53625, 1512942876.03239, 1512942876.93147, 1512942876.93147, 
1512942877.22506, 1512942879.6894, 1512942880.35211, 1512942881.72808, 
1512942884.51635, 1512942885.71274, 1512942886.61569, 1512942886.61569, 
1512942886.91526, 1512942889.90533, 1512942890.32269, 1512942891.86189, 
1512942895.30329, 1512942896.39759, 1512942897.31899, 1512942897.31899, 
1512942897.59359, 1512942903.92546, 1512942905.58136, 1512942907.23872, 
1512942909.93141, 1512942910.41996, 1512942911.32091, 1512942911.32091, 
1512942911.59442, 1512942917.86857, 1512942918.05725, 1512942919.1923, 
1512942921.49562, 1512942924.27303, 1512942925.19303, 1512942925.19505, 
1512942925.46772, 1512942934.20748, 1512942935.52697, 1512942936.76527, 
1512942938.08857, 1512942939.53491, 1512942940.4316, 1512942940.44682, 
1512942940.74396, 1512942946.1579, 1512942947.99573, 1512942950.10395, 
1512942953.62939, 1512942955.60903, 1512942956.50731, 1512942956.50731, 
1512942956.78495, 1512942961.79834, 1512942962.28142, 1512942964.25737, 
1512942967.22653, 1512942967.9165, 1512942968.80222, 1512942968.80323, 
1512942969.11945, 1512942971.87806, 1512942976.12821, 1512942977.50544, 
1512942980.54802, 1512942981.86223, 1512942982.73347, 1512942982.73347, 
1512942983.03822, 1512942986.30008, 1512942986.91644, 1512942988.96225, 
1512942991.55314, 1512942992.90466, 1512942993.8268, 1512942993.82781, 
1512942994.10818, 1512942996.2924, 1512942996.58983, 1512942997.8146, 
1512943001.91002, 1512943005.82346, 1512943006.65815, 1512943006.65815, 
1512943006.94922, 1512943010.26833, 1512943010.89776, 1512943012.86431, 
1512943015.98298, 1512943018.92937, 1512943019.80685, 1512943019.80685, 
1512943020.09617, 1512943025.73889, 1512943026.0349, 1512943027.59003, 
1512943031.33683, 1512943032.32009, 1512943033.19459, 1512943033.20992, 
1512943033.50617, 1512943037.56772, 1512943037.56948, 1512943040.35802, 
1512943042.76259, 1512943044.84349, 1512943045.74621, 1512943045.74621, 
1512943046.02974, 1512943049.00839, 1512943049.6588, 1512943052.4165, 
1512943056.48366, 1512943057.41851, 1512943058.32213, 1512943058.32213, 
1512943058.63403, 1512943064.24025, 1512943064.53896, 1512943066.46717, 
1512943068.4766, 1512943070.63731, 1512943071.55352, 1512943071.55352, 
1512943071.8338, 1512943076.58802, 1512943077.22989, 1512943080.04166, 
1512943083.3553, 1512943087.19041, 1512943088.09116, 1512943088.09421, 
1512943088.40177, 1512943092.72297, 1512943093.43692, 1512943094.76227, 
1512943097.63682, 1512943099.91535, 1512943100.81455, 1512943100.81455, 
1512943101.10834, 1512943102.42756, 1512943103.57397, 1512943105.14124, 
1512943107.8518, 1512943111.00943, 1512943111.89783, 1512943111.89783, 
1512943112.19411, 1512943115.40074, 1512943116.06753, 1512943117.24554, 
1512943120.56937, 1512943121.69916, 1512943122.59541, 1512943122.59541, 
1512943122.86898, 1512943127.72162, 1512943128.59625, 1512943130.35066, 
1512943133.54928, 1512943137.03271, 1512943137.91551, 1512943137.91551, 
1512943138.196, 1512943143.39427, 1512943144.55298, 1512943147.40678, 
1512943150.56959, 1512943151.76046, 1512943152.66423, 1512943152.66423, 
1512943152.93328, 1512943156.99268, 1512943156.99268, 1512943158.3644, 
1512943160.68672, 1512943162.45925, 1512943163.32799, 1512943163.34311, 
1512943163.6339, 1512943167.50144, 1512943169.50209, 1512943171.44918, 
1512943174.64932, 1512943175.70104), class = c("POSIXct", "POSIXt"
)), visit_id = c(0L, 0L, 0L, 0L, 0L, 0L, 0L, 0L, 1L, 1L, 1L, 
1L, 1L, 1L, 1L, 1L, 2L, 2L, 2L, 2L, 2L, 2L, 2L, 2L, 3L, 3L, 3L, 
3L, 3L, 3L, 3L, 3L, 4L, 4L, 4L, 4L, 4L, 4L, 4L, 4L, 5L, 5L, 5L, 
5L, 5L, 5L, 5L, 5L, 6L, 6L, 6L, 6L, 6L, 6L, 6L, 6L, 7L, 7L, 7L, 
7L, 7L, 7L, 7L, 7L, 8L, 8L, 8L, 8L, 8L, 8L, 8L, 8L, 9L, 9L, 9L, 
9L, 9L, 9L, 9L, 9L, 10L, 10L, 10L, 10L, 10L, 10L, 10L, 10L, 11L, 
11L, 11L, 11L, 11L, 11L, 11L, 11L, 12L, 12L, 12L, 12L, 12L, 12L, 
12L, 12L, 13L, 13L, 13L, 13L, 13L, 13L, 13L, 13L, 14L, 14L, 14L, 
14L, 14L, 14L, 14L, 14L, 15L, 15L, 15L, 15L, 15L, 15L, 15L, 15L, 
16L, 16L, 16L, 16L, 16L, 16L, 16L, 16L, 17L, 17L, 17L, 17L, 17L, 
17L, 17L, 17L, 18L, 18L, 18L, 18L, 18L, 18L, 18L, 18L, 19L, 19L, 
19L, 19L, 19L, 19L, 19L, 19L, 20L, 20L, 20L, 20L, 20L, 20L, 20L, 
20L, 21L, 21L, 21L, 21L, 21L, 21L, 21L, 21L, 22L, 22L, 22L, 22L, 
22L, 22L, 22L, 22L, 23L, 23L, 23L, 23L, 23L, 23L, 23L, 23L, 24L, 
24L, 24L, 24L, 24L, 24L, 24L, 24L, 25L, 25L, 25L, 25L, 25L, 25L, 
25L, 25L, 26L, 26L, 26L, 26L, 26L, 26L, 26L, 26L, 27L, 27L, 27L, 
27L, 27L, 27L, 27L, 27L, 28L, 28L, 28L, 28L, 28L, 28L, 28L, 28L, 
29L, 29L, 29L, 29L, 29L, 29L, 29L, 29L),